2 0.134639 0.142993 0.139866 0.098337
2 0.315445 0.142497 0.138454 0.097346
2 0.498777 0.142150 0.137050 0.097838
2 0.683025 0.142399 0.139160 0.098337
2 0.864676 0.142301 0.137756 0.099329
2 0.132958 0.271755 0.139866 0.099329
2 0.313903 0.271508 0.137050 0.098836
2 0.497798 0.271259 0.138454 0.098337
2 0.682672 0.271755 0.138454 0.099329
2 0.863483 0.271508 0.137050 0.098836
2 0.131765 0.401057 0.139160 0.097838
2 0.312924 0.400463 0.138454 0.097838
2 0.496958 0.400713 0.138454 0.098337
2 0.680992 0.400021 0.138454 0.099329
2 0.862155 0.400615 0.137756 0.099329
2 0.942332 0.954780 0.047689 0.034264