2 0.136017 0.138011 0.140941 0.099062
2 0.316937 0.138664 0.136395 0.097993
2 0.499290 0.139198 0.136395 0.099062
2 0.684542 0.139198 0.137151 0.099062
2 0.865592 0.139198 0.137908 0.099062
2 0.134882 0.267791 0.138672 0.098527
2 0.314794 0.268174 0.137151 0.096918
2 0.497445 0.267791 0.139429 0.098527
2 0.681559 0.268325 0.137908 0.099596
2 0.864294 0.268919 0.138672 0.099596
2 0.132739 0.396651 0.139429 0.098527
2 0.312735 0.396977 0.136395 0.097993
2 0.496685 0.396977 0.137908 0.097993
2 0.680340 0.397512 0.137151 0.099062
2 0.862613 0.397838 0.138672 0.098527
2 0.940122 0.952072 0.048311 0.034786